LOF折溢价研究(方向2, 研究版)
样本: 成交额前80只, 2005-04-29 ~ 2026-09-18

[R0] 折价率中位 -0.39% | 折价占比 46.4%

[R1] 横截面(月度) 深折价/中间/溢价 次月收益:
                deep       mid      prem        ls   n
date                                                  
2015-04-30  0.067289  0.137768  0.016195  0.051094  20
2015-05-31 -0.032775 -0.069344 -0.085287  0.052512  21
2015-06-30 -0.069303 -0.060093 -0.131506  0.062203  21
2015-07-31 -0.044910 -0.031369 -0.098240  0.053330  22
2015-08-31 -0.046288 -0.021138 -0.007298 -0.038989  23
2015-09-30  0.065185  0.083817  0.110249 -0.045063  22
2015-10-31 -0.004692  0.017458  0.019421 -0.024113  23
2015-11-30 -0.031180  0.006902  0.041018 -0.072198  23
2015-12-31 -0.200708 -0.002621 -0.107481 -0.093228  23
2016-01-31  0.026032 -0.003724 -0.029734  0.055766  23
2016-02-29  0.016794  0.062648  0.023478 -0.006684  22
2016-03-31  0.072032 -0.011334 -0.006808  0.078841  23
2016-04-30  0.001223  0.011593 -0.030318  0.031541  25
2016-05-31  0.031058  0.036807  0.038789 -0.007730  24
2016-06-30  0.017710 -0.003264  0.020133 -0.002423  25
2016-07-31  0.022263  0.017222  0.032477 -0.010214  26
2016-08-31  0.000671 -0.004779 -0.010598  0.011269  27
2016-09-30  0.014209  0.006062  0.002770  0.011440  26
2016-10-31  0.017872 -0.013080 -0.022803  0.040675  25
2016-11-30 -0.031003 -0.062574  0.045772 -0.076775  25
2016-12-31 -0.013648 -0.001652  0.000243 -0.013891  25
2017-01-31  0.037684  0.018939  0.005547  0.032136  34
2017-02-28  0.001658  0.006048 -0.007542  0.009200  35
2017-03-31 -0.015228 -0.004888  0.000047 -0.015276  39
2017-04-30 -0.026748 -0.008709 -0.024231 -0.002517  37
2017-05-31 -0.000886 -0.007507  0.031716 -0.032602  39
2017-06-30  0.021135  0.027843 -0.002643  0.023778  39
2017-07-31 -0.009633 -0.017823 -0.008089 -0.001544  38
2017-08-31  0.005903  0.016880  0.044688 -0.038785  43
2017-09-30  0.012641  0.015396  0.035293 -0.022653  42
2017-10-31  0.005860 -0.000951 -0.024418  0.030278  42
2017-11-30 -0.002984  0.033448  0.007015 -0.009999  42
2017-12-31  0.009250  0.026223  0.025581 -0.016331  44
2018-01-31 -0.014812 -0.019944 -0.041873  0.027061  45
2018-02-28 -0.001855 -0.008873 -0.012953  0.011098  45
2018-03-31  0.039127  0.001253 -0.023343  0.062470  46
2018-04-30  0.038495  0.017893  0.009570  0.028925  46
2018-05-31  0.018195  0.015615 -0.046214  0.064409  47
2018-06-30  0.027959  0.017589 -0.008734  0.036693  45
2018-07-31 -0.007895 -0.020264 -0.033144  0.025249  45
2018-08-31  0.007585  0.031657 -0.008067  0.015652  46
2018-09-30 -0.056353 -0.088892 -0.098106  0.041753  44
2018-10-31  0.016633 -0.011275 -0.025519  0.042153  46
2018-11-30 -0.045994 -0.035048 -0.061082  0.015088  48
2018-12-31  0.048005  0.041126  0.039242  0.008764  48
2019-01-31  0.071763  0.062422  0.098873 -0.027110  48
2019-02-28  0.028261  0.033829  0.055738 -0.027477  47
2019-03-31  0.031159  0.006736  0.007698  0.023461  49
2019-04-30 -0.037031 -0.026636 -0.038519  0.001488  50
2019-05-31  0.044277  0.021790  0.016505  0.027772  48
2019-06-30  0.033538  0.022736  0.025162  0.008376  48
2019-07-31  0.041621  0.014164  0.006211  0.035410  50
2019-08-31  0.026583  0.005400 -0.001597  0.028180  47
2019-09-30  0.019109  0.012116  0.002011  0.017097  48
2019-10-31  0.009893  0.009486 -0.001501  0.011395  46
2019-11-30  0.067254  0.054445  0.043661  0.023593  47
2019-12-31  0.008060  0.018521  0.039301 -0.031241  49
2020-01-31  0.032000 -0.011377 -0.056406  0.088406  51
2020-02-29 -0.103864 -0.092101 -0.154627  0.050762  55
2020-03-31  0.117058  0.077339  0.048588  0.068470  55
2020-04-30  0.017048  0.013401 -0.013274  0.030322  54
2020-05-31  0.100620  0.080025  0.073744  0.026876  53
2020-06-30  0.098562  0.064303  0.075994  0.022568  55
2020-07-31  0.005183  0.031668 -0.006631  0.011814  56
2020-08-31 -0.041255 -0.058180 -0.085159  0.043905  57
2020-09-30 -0.008786  0.003164 -0.017036  0.008250  57
2020-10-31  0.047284  0.024617  0.093012 -0.045728  54
2020-11-30  0.083720  0.048908  0.043367  0.040352  56
2020-12-31  0.051641  0.033080  0.029584  0.022057  56
2021-01-31 -0.014927  0.059314 -0.013067 -0.001860  62
2021-02-28 -0.068617 -0.028082 -0.022260 -0.046357  70
2021-03-31  0.054918  0.045683  0.015891  0.039027  73
2021-04-30  0.071838  0.035126  0.012540  0.059299  73
2021-05-31  0.040033  0.029219  0.018680  0.021353  73
2021-06-30  0.022123 -0.020964 -0.007282  0.029405  73
2021-07-31  0.017556  0.006272  0.013798  0.003758  75
2021-08-31 -0.025311  0.012627 -0.035873  0.010562  75
2021-09-30  0.022387  0.024520  0.010101  0.012286  75
2021-10-31  0.043198 -0.032896  0.021911  0.021287  73
2021-11-30 -0.020534  0.002948 -0.009912 -0.010621  75
2021-12-31 -0.079525 -0.027462 -0.087877  0.008353  75
2022-01-31  0.011883  0.038211  0.009844  0.002039  74
2022-02-28 -0.036759 -0.041537 -0.015699 -0.021060  75
2022-03-31 -0.061397 -0.041655 -0.056049 -0.005348  76
2022-04-30  0.062196  0.034937  0.032698  0.029498  75
2022-05-31  0.085675  0.026328  0.042356  0.043320  75
2022-06-30  0.014382  0.018080 -0.024822  0.039204  76
2022-07-31 -0.005461 -0.017897  0.001148 -0.006609  76
2022-08-31 -0.045480 -0.066241 -0.058638  0.013158  77
2022-09-30  0.030307 -0.008437 -0.005944  0.036251  75
2022-10-31  0.025918  0.025980  0.030666 -0.004748  77
2022-11-30  0.002219 -0.025491 -0.037541  0.039759  76
2022-12-31  0.037966  0.057769  0.033234  0.004732  77
2023-01-31 -0.013625 -0.014654 -0.010244 -0.003381  74
2023-02-28 -0.002197 -0.011751  0.000557 -0.002754  76
2023-03-31  0.006766 -0.021483  0.011309 -0.004543  77
2023-04-30 -0.000760 -0.033207 -0.019727  0.018966  78
2023-05-31  0.025873  0.037430  0.016216  0.009657  76
2023-06-30  0.012419  0.006601 -0.004690  0.017108  78
2023-07-31 -0.011489 -0.031859 -0.046965  0.035476  77
2023-08-31 -0.030256  0.003555 -0.029211 -0.001045  78
2023-09-30 -0.022156 -0.026918 -0.025324  0.003169  78
2023-10-31  0.036176  0.013510 -0.000807  0.036982  78
2023-11-30 -0.009847  0.000502 -0.015043  0.005196  79
2023-12-31 -0.094322 -0.061588 -0.126893  0.032571  78
2024-01-31  0.135322  0.082330  0.033318  0.102004  78
2024-02-29  0.040107  0.015264  0.018083  0.022024  78
2024-03-31  0.009387  0.018596 -0.006580  0.015967  79
2024-04-30 -0.021177 -0.004057  0.001333 -0.022510  79
2024-05-31 -0.006500 -0.000825 -0.019842  0.013342  79
2024-06-30 -0.001110 -0.002603 -0.008419  0.007309  78
2024-07-31 -0.016178 -0.044614 -0.033756  0.017578  78
2024-08-31  0.038745  0.162660  0.153503 -0.114758  77
2024-09-30  0.023119  0.019198  0.024873 -0.001754  77
2024-10-31  0.017741  0.003289  0.004992  0.012749  79
2024-11-30 -0.000956 -0.002021 -0.018951  0.017995  79
2024-12-31  0.020047 -0.010787  0.015205  0.004842  79
2025-01-31  0.039638  0.017886  0.008335  0.031303  79
2025-02-28 -0.021107  0.002605 -0.007077 -0.014030  79
2025-03-31 -0.013695 -0.037736 -0.020626  0.006932  79
2025-04-30  0.027174  0.010802 -0.005458  0.032632  79
2025-05-31  0.053724  0.038403  0.037081  0.016643  79
2025-06-30  0.058124  0.047219  0.070666 -0.012542  79
2025-07-31  0.154785  0.091089  0.090324  0.064461  80
2025-08-31  0.075181  0.036529  0.023420  0.051762  80
2025-09-30 -0.002989  0.000189 -0.002749 -0.000240  80
2025-10-31 -0.041657 -0.007399 -0.004855 -0.036802  80
2025-11-30  0.038856  0.019929  0.051383 -0.012526  80
2025-12-31  0.098190  0.091440  0.139952 -0.041762  80
2026-01-31  0.000884 -0.001429 -0.020329  0.021213  80
2026-02-28 -0.077577 -0.049953  0.041190 -0.118767  80
2026-03-31  0.224575  0.078837  0.023393  0.201183  80
2026-04-30  0.057986  0.053473  0.057082  0.000904  80
2026-05-31  0.186927  0.036126 -0.036627  0.223554  80
2026-06-30 -0.019801 -0.048058 -0.228514  0.208712  80
2026-07-31  0.049003  0.061970  0.083163 -0.034160  80
2026-08-31 -0.015819  0.008173  0.007474 -0.023293  80

[R2] 自身异常折价(z<-1.5) 次月收益:
             n      deep  deep_n    normal
date                                      
2018-05-31  25  0.006785       3 -0.008718
2019-02-28  40  0.024882       3  0.042085
2019-06-30  41  0.042014       4  0.027523
2020-01-31  45  0.062649      11 -0.027322
2020-02-29  45 -0.085170      19 -0.125830
2020-10-31  46  0.073849       9  0.053391
2021-02-28  50 -0.033548       4 -0.026386
2021-07-31  54 -0.022420       3  0.014445
2022-03-31  56  0.018145       4 -0.041521
2022-07-31  69  0.015944       3 -0.002126
2022-08-31  73 -0.066024       4 -0.054962
2023-01-31  72 -0.028888       4 -0.012712
2023-05-31  72  0.050566       3  0.023978
2024-01-31  75  0.127180      12  0.077856
2024-04-30  75  0.013230       3 -0.009798
2024-09-30  76  0.026485       4  0.019964
2024-12-31  77  0.033280      10  0.004738
2025-01-31  77  0.050379      12  0.016085
2025-02-28  77 -0.017403      23 -0.004204
2025-04-30  77  0.019363       5  0.010293
2025-07-31  78 -0.027335       3  0.121140
2025-08-31  78  0.025775       3  0.048669
2025-10-31  78 -0.031341       6 -0.015526
2026-01-31  79 -0.000158       8  0.000223
2026-03-31  79  0.191219       4  0.132222
2026-05-31  79  0.188051       7  0.047760